7
16
19
5
14
8
15
9
2
3
1
13
12
10
18
17
11
0
4
6
43
49
56
52
53
40
57
58
44
59
50
42
47
51
54
45
48
41
55
46
69
71
68
75
72
61
65
62
78
73
67
64
76
63
79
74
77
60
66
70
23
38
34
28
29
39
24
30
31
20
25
33
22
36
26
35
37
21
27
32
118
101
113
112
116
107
114
105
102
119
104
110
108
103
111
115
106
117
100
109
98
89
93
91
97
81
85
80
99
96
86
88
95
84
90
92
83
87
94
82
372
370
376
373
377
379
360
364
367
363
362
371
375
368
365
361
366
378
374
369
385
391
389
393
398
387
395
380
384
390
392
399
381
394
396
386
388
382
383
397
359
348
341
347
342
352
355
340
357
354
345
353
350
349
343
356
344
358
351
346
329
339
334
337
325
333
321
323
332
322
324
327
331
328
326
335
330
338
336
320
403
418
414
413
411
406
402
412
417
401
410
409
419
415
416
408
404
405
400
407
429
435
423
430
434
428
436
425
431
439
424
432
433
422
426
427
420
437
421
438
460
464
479
477
473
467
474
461
478
475
470
463
468
472
465
469
476
462
471
466
451
443
446
444
447
441
452
448
445
449
458
442
459
453
450
457
454
455
440
456
271
274
273
272
260
261
278
277
276
267
279
265
263
268
264
275
269
262
266
270
259
248
254
242
240
253
246
255
251
250
249
244
256
258
241
243
257
245
247
252
316
309
304
300
314
317
313
319
305
315
302
306
307
312
303
318
301
311
310
308
224
227
231
222
225
236
223
228
221
230
232
235
220
226
229
233
238
237
234
239
187
180
183
188
197
195
182
192
194
193
186
184
196
199
185
190
198
191
181
189
172
179
176
164
168
175
163
174
166
171
160
169
173
177
170
178
161
167
165
162
137
131
123
135
136
139
122
125
130
138
129
132
126
134
120
121
133
127
128
124
153
151
148
143
152
150
146
145
157
154
156
144
147
141
155
159
158
149
142
140
200
204
212
216
201
214
206
211
205
207
202
215
217
213
210
208
218
203
209
219
283
298
299
280
288
284
297
293
285
281
289
291
287
290
295
296
294
282
292
286
