21
2
9
5
3
4
23
7
11
1
16
22
14
105
107
113
10
18
20
0
15
19
13
8
12
6
17
102
108
112
97
110
101
117
103
116
115
111
114
104
99
98
96
100
106
109
118
119
136
132
139
141
120
137
126
125
128
135
143
140
131
142
124
122
134
123
127
133
121
138
130
129
222
226
229
219
224
228
220
225
239
232
237
238
223
230
216
233
221
234
217
235
236
218
231
227
88
76
79
83
85
80
82
77
81
75
73
94
86
89
78
92
84
87
90
72
93
95
91
74
69
64
52
68
51
56
70
59
65
61
48
63
49
71
67
50
62
55
53
58
57
60
54
66
28
25
42
39
47
40
29
33
46
24
34
45
31
30
44
35
38
26
36
37
41
27
32
43
214
206
194
200
199
210
208
211
207
213
192
197
215
196
201
195
209
204
212
202
193
203
205
198
152
157
164
148
145
155
146
166
150
144
161
149
163
151
154
156
160
147
167
165
162
158
159
153
184
181
173
189
180
179
183
175
188
187
172
177
186
169
190
176
191
171
182
185
174
168
170
178
248
250
247
254
249
240
243
255
253
246
242
241
251
245
252
244
