7
5
1
2
0
3
11
23
20
13
19
21
10
4
18
16
22
17
9
12
14
15
8
6
211
206
194
192
203
195
200
199
215
204
198
193
207
197
201
210
196
212
213
214
205
208
202
209
180
184
175
172
169
186
176
177
171
174
185
188
170
179
182
189
173
181
187
183
190
191
178
168
146
167
145
157
148
150
156
165
154
153
152
161
163
159
149
155
144
166
147
151
158
160
162
164
60
71
55
52
65
58
68
49
69
64
53
59
57
66
54
56
67
70
61
50
63
62
51
48
84
90
74
91
73
92
77
82
81
95
88
83
76
86
79
89
93
72
94
80
75
85
87
78
139
126
121
136
137
123
125
131
140
127
135
120
129
141
132
122
133
138
134
124
130
142
128
143
104
114
107
115
96
102
105
103
118
112
99
100
111
113
98
110
108
97
106
101
119
109
116
117
41
42
43
30
27
39
26
25
32
45
40
29
38
34
35
37
44
46
36
24
47
33
31
28
510
509
504
511
506
507
508
505
399
397
405
393
396
404
407
388
400
401
389
406
392
394
398
395
390
384
403
387
385
391
402
386
486
502
487
494
496
492
488
498
489
499
491
480
490
484
497
481
503
482
501
500
493
485
495
483
410
414
412
422
423
430
419
411
429
413
408
416
426
431
424
418
427
417
409
428
415
425
420
421
436
454
435
444
437
442
449
445
453
432
443
438
452
433
447
455
439
446
450
448
434
451
440
441
478
475
463
457
456
465
472
477
470
469
476
458
462
471
460
474
473
461
466
479
459
468
467
464
369
380
366
362
361
374
382
363
378
377
367
372
370
379
373
376
375
365
383
371
368
381
360
364
330
318
319
331
329
323
320
317
328
322
335
313
325
332
312
326
333
321
327
334
324
315
316
314
340
357
336
350
346
351
342
345
338
347
358
348
344
355
341
359
339
337
349
343
352
356
354
353
246
247
242
248
260
250
257
241
255
258
240
262
243
251
254
245
253
249
252
256
244
261
259
263
283
271
267
275
264
274
270
276
273
265
266
269
286
272
284
277
280
285
287
279
282
281
268
278
296
297
298
310
301
302
293
309
299
295
289
305
311
300
303
292
306
294
304
291
288
290
308
307
222
220
238
226
231
233
235
224
229
219
236
228
225
223
230
232
217
239
218
221
234
216
227
237
