20
14
7
0
2
3
8
6
1
23
22
12
15
4
18
11
9
21
5
10
16
19
17
13
180
170
177
175
168
186
190
191
172
183
173
188
187
179
169
182
171
185
189
184
174
176
181
178
150
158
149
144
157
148
151
162
153
163
145
160
154
146
156
159
164
167
147
166
155
152
165
161
31
40
47
36
26
42
28
41
32
43
39
44
37
29
30
34
45
35
33
24
38
25
27
46
214
192
215
194
198
206
195
196
208
212
193
202
209
207
201
211
205
203
210
204
200
197
213
199
61
50
71
66
64
51
48
68
54
62
69
56
58
65
63
57
60
55
70
67
49
59
52
53
84
91
95
93
78
80
90
89
79
72
85
94
74
73
87
81
83
82
88
86
76
77
75
92
137
120
142
122
130
124
135
133
140
132
126
141
125
138
136
139
121
131
129
127
128
123
143
134
216
227
236
223
226
225
218
233
232
230
222
239
217
237
235
228
234
231
229
220
221
219
224
238
100
107
119
96
118
112
115
113
99
110
97
103
104
116
101
102
105
117
111
114
109
108
98
106
246
254
260
249
247
263
253
248
243
242
258
251
250
252
255
262
256
257
241
240
259
261
244
245
278
274
275
286
277
283
268
276
282
267
271
269
264
285
273
284
281
272
265
266
279
287
280
270
317
312
319
316
318
314
313
315
289
307
309
304
292
299
311
310
288
302
291
296
300
297
293
306
294
308
295
290
298
303
305
301
