18
7
13
6
14
0
4
2
3
12
9
11
8
5
10
16
19
1
17
15
69
78
70
60
66
65
77
67
76
61
72
75
62
74
71
63
73
68
64
79
46
47
42
54
44
56
50
41
57
55
53
58
40
48
59
49
45
52
51
43
25
39
37
35
32
27
26
28
22
20
24
38
33
31
29
23
21
34
36
30
187
193
192
184
190
188
198
197
196
186
191
182
195
194
183
199
180
189
185
181
224
232
238
229
223
230
225
235
239
226
221
234
220
228
236
237
222
231
233
227
216
208
218
215
202
212
217
200
205
213
201
214
204
209
219
203
210
206
207
211
295
294
285
289
293
286
284
296
281
292
287
299
297
290
280
288
298
283
291
282
318
309
316
313
314
301
310
312
304
308
306
302
319
305
315
303
311
317
307
300
255
253
250
256
258
243
244
247
245
242
251
248
240
246
259
241
252
254
249
257
272
261
267
274
273
277
278
276
270
260
271
275
269
266
265
279
268
263
264
262
105
104
113
117
119
114
106
118
116
112
110
100
102
111
115
101
108
103
107
109
91
95
87
84
96
83
97
89
99
85
81
88
86
82
93
98
94
90
92
80
347
353
343
356
351
350
358
346
354
349
359
348
340
355
344
345
342
357
341
352
339
334
327
337
322
321
324
320
326
325
323
329
330
328
335
332
338
333
336
331
385
383
388
398
380
389
381
397
384
392
387
394
395
390
382
386
391
396
399
393
406
402
410
411
414
400
416
408
401
419
404
417
403
412
407
413
405
415
409
418
373
368
364
375
367
369
365
360
362
379
370
378
366
376
372
377
374
361
363
371
477
462
475
464
469
471
463
465
476
460
461
468
466
467
474
473
479
478
470
472
506
507
502
508
504
510
509
501
505
511
503
500
435
430
439
423
431
438
437
420
422
434
426
424
432
421
429
436
428
433
425
427
486
495
490
497
480
496
492
489
498
487
499
488
484
491
485
483
481
494
493
482
453
445
449
444
455
451
442
450
443
457
440
459
441
452
454
447
456
446
458
448
138
130
128
132
125
135
126
133
123
134
129
136
139
121
131
120
124
122
137
127
179
164
165
170
171
174
166
177
176
160
173
161
178
169
167
163
172
162
168
175
146
153
148
143
155
144
147
151
156
157
140
142
159
152
150
149
154
158
145
141
