3
18
11
14
20
23
9
4
7
19
8
10
5
13
1
0
12
6
17
22
16
2
15
21
34
27
39
24
30
37
43
26
36
35
45
40
28
33
25
31
41
29
44
42
46
38
32
47
225
216
229
222
233
223
226
218
227
230
234
220
237
219
217
232
231
235
228
236
224
221
238
239
182
179
174
175
186
187
191
188
173
184
189
176
183
168
180
178
190
185
171
169
172
181
170
177
154
148
166
157
153
162
146
155
163
150
149
160
151
159
152
165
144
147
161
156
164
145
167
158
194
214
211
193
206
202
213
210
201
198
196
197
207
208
203
212
192
205
195
200
215
204
199
209
98
115
118
112
96
108
103
113
105
99
104
117
107
102
116
101
106
114
111
100
110
119
97
109
127
137
134
120
130
140
125
132
121
136
141
128
143
135
124
129
139
142
126
131
133
138
122
123
76
95
83
92
80
77
85
73
94
84
75
90
82
79
89
91
74
88
86
81
78
93
87
72
56
64
60
63
68
48
52
58
51
55
65
67
66
59
54
61
53
70
71
69
62
57
49
50
353
339
344
355
341
345
338
342
348
352
350
346
337
343
358
354
357
356
349
336
340
359
351
347
247
248
252
256
245
244
259
240
261
257
250
242
241
262
253
263
258
254
249
260
255
243
251
246
309
298
292
300
310
291
302
288
301
290
295
303
307
293
299
304
305
306
308
297
311
296
294
289
267
275
277
285
284
271
270
273
276
281
286
274
269
268
283
279
272
264
280
278
266
265
287
282
312
327
329
330
322
315
321
332
319
317
320
313
326
325
316
324
335
328
333
331
318
323
314
334
360
364
374
375
371
381
382
377
380
378
361
379
366
383
362
373
369
372
376
367
370
363
365
368
473
474
459
463
458
470
479
467
478
477
476
475
457
466
465
462
464
469
471
468
461
472
456
460
439
435
444
455
451
445
440
438
434
443
436
450
448
437
447
433
454
446
442
441
432
452
449
453
430
426
423
409
411
414
418
420
429
428
421
422
408
416
415
431
413
427
417
424
419
410
412
425
407
385
405
399
398
394
392
401
386
396
388
395
397
400
403
402
387
390
384
391
404
389
406
393
