4
15
16
18
1
12
0
11
13
10
2
3
14
6
7
8
19
17
9
5
58
50
52
59
43
56
51
54
53
49
40
41
42
47
55
45
44
48
57
46
68
73
69
66
72
63
60
62
75
77
78
65
79
71
61
67
74
64
70
76
27
21
37
32
34
35
28
22
29
33
38
24
31
30
25
39
20
36
26
23
196
187
192
180
184
190
193
188
191
198
197
183
189
194
199
195
185
182
186
181
233
220
226
237
235
223
231
228
236
224
232
239
238
227
234
230
225
221
222
229
215
212
216
214
211
209
207
203
206
208
205
201
210
200
204
217
218
202
219
213
285
293
289
298
295
294
296
299
292
297
288
290
283
281
280
284
286
287
282
291
130
131
120
132
122
123
136
133
121
138
125
137
128
124
135
134
129
127
126
139
161
176
173
164
177
175
179
165
178
167
163
170
168
172
162
160
169
174
166
171
245
253
258
244
256
248
240
242
252
251
255
257
249
250
243
247
259
246
254
241
260
279
267
271
261
263
268
265
273
275
272
270
276
277
274
264
278
262
269
266
117
103
104
115
108
114
118
107
111
112
105
119
101
110
106
100
113
102
109
116
92
97
96
93
81
95
94
89
99
88
87
83
86
82
90
91
80
84
85
98
147
152
141
146
153
144
149
148
145
143
140
158
150
157
156
159
154
151
142
155
312
308
303
301
307
311
310
313
317
306
309
305
315
319
316
304
300
318
314
302
