8
21
18
20
3
11
4
12
5
9
17
2
14
622
600
609
613
604
607
608
15
22
7
1
6
10
16
13
23
19
0
621
618
605
603
614
606
602
617
612
601
611
616
610
615
623
620
619
558
574
570
568
552
556
571
561
566
562
575
567
572
554
564
559
560
563
569
565
557
573
553
555
576
577
582
584
598
591
592
596
597
587
583
581
590
589
595
594
588
579
586
578
599
585
593
580
374
368
365
369
383
373
379
380
367
361
378
366
360
371
372
376
381
375
363
364
362
377
382
370
466
474
458
476
462
460
473
470
465
457
468
471
461
469
464
477
467
479
478
472
463
475
456
459
445
439
452
442
437
440
435
436
447
455
451
449
441
446
453
433
434
438
454
443
444
432
450
448
427
426
425
420
422
431
414
413
428
430
411
409
421
423
415
424
416
408
419
418
417
410
412
429
393
398
405
389
403
404
387
385
395
394
400
388
399
401
402
396
397
390
407
391
392
384
406
386
499
488
501
490
480
498
489
482
500
486
491
484
496
487
492
493
481
502
485
503
495
497
483
494
630
625
638
636
624
631
627
628
633
637
639
634
632
626
629
635
507
522
508
527
523
519
505
525
513
517
520
515
518
512
514
511
506
521
526
509
524
510
516
504
95
83
80
87
79
84
77
91
78
94
89
90
72
93
73
81
82
86
88
76
92
85
74
75
57
51
59
52
49
62
67
68
70
48
55
66
60
56
61
63
69
64
53
71
58
54
65
50
25
24
34
27
40
30
37
26
35
31
38
41
29
36
43
32
47
42
33
28
46
44
39
45
218
229
224
222
238
225
228
234
233
230
220
239
237
226
235
232
227
217
223
231
236
221
219
216
124
140
134
126
120
130
132
128
135
129
137
139
127
133
143
138
122
142
141
125
123
121
131
136
152
151
162
149
164
167
157
159
147
165
156
153
154
144
161
166
163
146
160
150
148
158
145
155
191
180
185
178
179
182
170
188
189
181
187
174
177
184
176
186
173
168
171
169
190
172
183
175
203
202
210
207
205
194
209
204
201
193
206
195
196
199
211
192
208
214
212
200
215
198
197
213
119
98
104
101
114
115
103
107
112
105
118
96
100
97
116
110
117
106
108
113
111
102
99
109
308
290
289
298
310
305
291
297
309
299
307
293
306
300
301
302
304
303
292
288
296
294
295
311
315
313
329
323
322
331
320
314
335
318
324
328
319
332
325
316
312
317
321
330
333
326
334
327
268
273
281
274
282
279
285
286
280
269
275
271
267
276
283
265
270
287
284
272
264
277
266
278
249
255
247
254
241
261
242
252
257
248
262
251
256
259
258
244
253
246
245
260
243
250
240
263
357
344
338
340
355
339
359
345
356
337
341
352
351
354
349
350
336
342
358
343
348
353
347
346
548
532
530
544
535
542
543
540
546
551
541
531
538
549
550
533
547
545
536
534
537
528
539
529
