11
18
10
12
9
0
14
4
19
16
5
15
3
17
7
6
2
13
1
8
51
45
56
46
57
48
44
59
40
54
42
55
53
50
47
41
52
43
49
58
68
61
60
72
67
71
78
74
65
79
75
73
66
76
77
69
62
63
70
64
38
28
27
29
36
31
39
24
34
23
33
25
30
21
37
26
32
20
35
22
105
108
106
118
109
110
101
102
112
119
115
107
104
114
116
113
103
111
100
117
84
86
96
88
89
94
98
93
83
80
97
81
99
92
95
91
82
90
87
85
135
126
128
129
120
130
134
131
138
139
124
127
137
133
123
132
121
136
125
122
453
442
454
441
455
447
446
450
440
449
459
451
443
456
458
457
448
444
452
445
464
466
470
462
463
477
475
478
461
474
479
465
472
460
469
468
473
471
476
467
434
423
427
436
435
425
437
430
438
426
439
433
429
424
432
428
422
421
420
431
597
591
584
594
587
585
590
599
581
593
589
586
588
583
596
598
582
592
595
580
631
634
637
638
623
636
624
633
626
622
632
635
625
630
629
639
628
621
627
620
608
605
604
612
611
618
601
614
600
615
602
606
619
607
610
613
609
603
617
616
564
578
569
574
563
572
566
576
567
562
565
577
575
571
561
573
568
560
570
579
486
485
495
499
489
480
483
484
491
494
490
492
496
482
481
498
488
497
487
493
518
510
516
508
519
513
515
507
505
514
504
517
503
509
501
511
512
502
506
500
541
552
549
548
554
557
543
551
545
546
547
558
556
544
559
553
540
542
555
550
527
526
521
523
532
531
529
536
525
533
534
528
535
530
520
537
522
524
539
538
212
214
218
210
219
205
203
217
206
204
209
213
216
207
208
200
215
201
211
202
236
229
233
231
228
234
230
237
223
232
226
239
227
225
222
221
220
235
224
238
193
188
184
187
190
181
180
191
186
189
192
197
183
194
195
185
199
196
182
198
268
274
261
264
271
279
275
278
270
269
277
272
267
276
262
265
273
260
263
266
250
258
251
248
252
249
243
256
253
241
254
257
255
240
246
247
244
242
259
245
297
296
292
293
294
291
282
288
284
299
283
298
287
286
290
281
280
289
285
295
301
308
305
312
309
313
319
306
315
303
316
314
304
310
300
302
311
317
307
318
159
155
141
145
157
153
144
146
140
151
156
148
152
147
143
142
154
150
149
158
355
359
357
348
346
358
344
345
353
349
343
356
352
347
341
354
340
342
350
351
333
330
327
335
320
331
322
336
337
329
325
339
326
328
332
321
324
338
334
323
361
371
376
379
360
364
363
377
362
374
370
372
369
375
367
368
366
373
365
378
391
380
382
396
387
390
398
399
389
395
388
381
394
383
384
392
385
393
397
386
403
417
404
402
416
405
407
408
412
410
418
411
406
419
409
413
414
415
400
401
166
169
170
173
174
167
163
179
161
175
178
176
168
165
177
160
164
162
171
172
