16
15
4
17
12
6
9
8
11
2
18
7
10
13
5
1
0
19
3
14
71
75
63
68
61
79
67
77
64
78
73
70
60
72
66
74
65
62
69
76
29
34
35
21
27
31
32
25
36
38
39
20
26
23
24
37
33
22
28
30
40
45
52
46
57
48
58
53
47
55
51
41
49
50
59
56
42
44
54
43
159
153
145
152
157
146
154
147
140
158
156
149
143
151
150
144
155
141
148
142
226
230
234
229
233
238
237
224
236
225
227
222
228
232
231
220
239
235
221
223
204
217
219
201
205
209
202
210
216
213
200
214
208
207
203
218
211
215
212
206
181
189
180
185
195
190
197
199
187
182
198
193
188
186
192
191
196
184
194
183
169
176
172
177
168
167
173
174
166
164
165
162
163
171
175
161
170
178
179
160
133
129
138
132
139
124
128
136
130
122
135
120
134
126
131
127
123
137
125
121
94
91
88
92
97
95
96
90
93
82
80
89
85
86
99
84
83
98
81
87
117
108
114
116
118
106
115
105
113
101
109
107
119
112
102
104
100
103
111
110
