13
18
9
12
2
10
11
17
7
0
8
1
4
14
16
19
3
15
5
6
25
24
36
30
20
27
28
21
33
37
29
35
26
22
32
23
39
31
34
38
75
68
72
67
61
66
77
76
78
62
71
70
63
64
60
79
74
65
69
73
56
51
43
46
48
53
40
44
41
58
52
45
42
59
47
50
49
57
54
55
105
118
101
114
107
112
102
100
111
110
106
116
117
108
119
113
109
103
104
115
96
89
99
91
93
81
98
95
90
86
97
83
88
84
80
94
85
92
87
82
140
154
155
145
157
153
149
150
146
144
141
148
158
147
159
143
152
142
151
156
129
123
127
122
132
134
125
139
120
121
135
126
124
137
130
128
131
133
138
136
169
175
167
166
162
172
179
168
163
171
177
170
173
160
178
174
161
164
165
176
198
185
181
187
196
193
190
183
199
184
182
195
192
186
191
188
197
180
194
189
220
237
236
232
233
228
230
229
222
221
226
239
225
234
223
235
231
227
224
238
206
219
212
205
204
207
201
217
215
214
200
209
210
208
213
216
203
202
211
218
240
251
248
254
241
249
243
244
253
255
245
250
247
252
242
246
