22
4
5
9
10
13
8
7
15
2
12
11
14
18
3
6
17
0
20
19
1
23
16
21
46
47
36
30
42
37
25
45
32
44
40
34
33
29
43
26
27
39
31
28
41
24
38
35
78
75
80
91
89
74
81
83
88
90
73
85
86
79
94
76
93
72
82
77
92
84
87
95
64
52
48
62
68
69
66
65
60
57
59
61
58
54
71
49
63
56
51
70
50
55
53
67
109
105
100
115
117
98
118
99
116
102
101
110
97
108
114
113
112
96
104
106
119
111
107
103
193
202
203
194
208
204
199
201
214
210
213
212
207
215
209
200
197
211
192
206
198
195
196
205
160
155
153
161
145
152
149
151
147
164
157
156
148
159
163
150
166
146
165
162
158
154
167
144
187
175
186
174
176
181
183
189
170
172
182
177
188
169
179
173
178
191
171
185
180
190
168
184
226
228
231
237
220
225
221
238
229
219
227
230
234
232
218
222
216
223
235
236
224
239
217
233
125
123
141
137
122
143
140
135
126
136
124
127
132
138
129
121
139
130
142
133
128
134
131
120
