0 12 13 13 13 13 13 13 13 13 14 15 15 15 16 17 17 17 17 16 
12 0 8 8 12 8 12 12 12 8 13 16 14 10 14 15 14 11 14 11 
13 8 0 5 8 12 8 12 12 12 10 14 14 14 10 15 14 14 11 14 
13 8 5 0 8 8 11 8 12 12 14 10 14 14 14 11 14 14 14 11 
13 12 8 8 0 8 8 12 8 12 13 14 10 14 14 15 12 15 16 15 
13 8 12 8 8 0 8 8 12 8 13 14 14 10 14 15 15 11 15 15 
13 12 8 11 8 8 0 6 8 12 10 13 14 14 10 15 14 15 11 14 
13 12 12 8 12 8 6 0 8 8 13 10 14 14 14 12 15 15 15 11 
13 12 12 12 8 12 8 8 0 8 10 14 10 14 14 15 11 15 15 15 
13 8 12 12 12 8 12 8 8 0 10 10 14 10 14 15 15 11 15 15 
14 13 10 14 13 13 10 13 10 10 0 8 8 12 8 15 14 14 11 15 
15 16 14 10 14 14 13 10 14 10 8 0 8 8 12 11 14 14 14 11 
15 14 14 14 10 14 14 14 10 14 8 8 0 8 8 15 11 15 15 15 
15 10 14 14 14 10 14 14 14 10 12 8 8 0 8 11 15 11 15 15 
16 14 10 14 14 14 10 14 14 14 8 12 8 8 0 11 11 15 11 15 
17 15 15 11 15 15 15 12 15 15 15 11 15 11 11 0 9 8 12 8 
17 14 14 14 12 15 14 15 11 15 14 14 11 15 11 9 0 6 6 10 
17 11 14 14 15 11 15 15 15 11 14 14 15 11 15 8 6 0 5 5 
17 14 11 14 16 15 11 15 15 15 11 14 15 15 11 12 6 5 0 5 
16 11 14 11 15 15 14 11 15 15 15 11 15 15 15 8 10 5 5 0 
