0 11 13 13 13 13 13 13 13 13 14 15 15 15 15 16 16 17 18 17 15 14 14 14 14 10 11 
11 0 8 8 12 8 12 12 12 8 14 14 10 14 14 15 15 11 15 15 15 15 11 11 11 10 11 
13 8 0 5 8 12 8 12 12 12 10 14 14 10 14 15 15 15 11 15 15 15 14 11 11 10 11 
13 8 5 0 8 8 12 8 12 12 13 10 14 14 10 15 15 14 14 11 15 14 14 11 11 10 11 
13 12 8 8 0 8 8 12 8 12 13 14 10 14 14 12 15 16 16 15 16 16 15 11 11 11 11 
13 8 12 8 8 0 8 8 12 8 14 14 14 10 14 15 11 15 15 15 15 15 15 11 11 10 11 
13 12 8 12 8 8 0 6 8 12 10 14 14 14 10 15 14 11 14 14 15 14 15 11 11 10 11 
13 12 12 8 12 8 6 0 8 9 14 10 14 14 14 12 15 15 11 15 16 15 15 11 11 11 12 
13 12 12 12 8 12 8 8 0 8 10 14 10 14 14 15 11 15 15 11 15 15 15 14 11 10 11 
13 8 12 12 12 8 12 9 8 0 10 10 14 10 14 15 15 11 15 15 15 15 15 12 11 10 11 
14 14 10 13 13 14 10 14 10 10 0 8 8 12 8 15 15 14 11 15 15 15 14 11 11 10 11 
15 14 14 10 14 14 14 10 14 10 8 0 8 8 12 11 15 15 15 11 15 15 15 15 11 10 11 
15 10 14 14 10 14 14 14 10 14 8 8 0 8 8 15 11 15 15 15 15 15 15 11 11 10 11 
15 14 10 14 14 10 14 14 14 10 12 8 8 0 8 11 15 11 15 15 15 15 15 11 11 10 11 
15 14 14 10 14 14 10 14 14 14 8 12 8 8 0 11 11 15 11 15 15 15 15 11 11 11 11 
16 15 15 15 12 15 15 12 15 15 15 11 15 11 11 0 9 8 12 8 12 12 14 10 9 9 10 
16 15 15 15 15 11 14 15 11 15 15 15 11 15 11 9 0 6 6 10 9 12 14 9 10 11 10 
17 11 15 14 16 15 11 15 15 11 14 15 15 11 15 8 6 0 5 5 10 12 14 9 9 9 10 
18 15 11 14 16 15 14 11 15 15 11 15 15 15 11 12 6 5 0 5 10 12 10 9 9 9 10 
17 15 15 11 15 15 14 15 11 15 15 11 15 15 15 8 10 5 5 0 10 12 10 10 10 9 10 
15 15 15 15 16 15 15 16 15 15 15 15 15 15 15 12 9 10 10 10 0 12 14 14 14 9 10 
14 15 15 14 16 15 14 15 15 15 15 15 15 15 15 12 12 12 12 12 12 0 14 13 13 10 10 
14 11 14 14 15 15 15 15 15 15 14 15 15 15 15 14 14 14 10 10 14 14 0 11 11 11 11 
14 11 11 11 11 11 11 11 14 12 11 15 11 11 11 10 9 9 9 10 14 13 11 0 9 8 11 
14 11 11 11 11 11 11 11 11 11 11 11 11 11 11 9 10 9 9 10 14 13 11 9 0 9 11 
10 10 10 10 11 10 10 11 10 10 10 10 10 10 11 9 11 9 9 9 9 10 11 8 9 0 11 
11 11 11 11 11 11 11 12 11 11 11 11 11 11 11 10 10 10 10 10 10 10 11 11 11 11 0 
