0 6 5 5 7 7 7 7 7 7 7 7 7 7 7 7 7 7 7 7 8 7 7 7 7 7 8 7 8 7 7 7 
6 0 5 3 7 5 7 7 7 5 7 7 7 7 7 7 7 5 7 7 11 8 7 7 7 7 7 7 7 7 7 7 
5 5 0 3 7 7 5 7 7 7 5 7 7 7 7 7 7 7 5 7 7 7 7 7 7 7 7 7 7 7 7 7 
5 3 3 0 7 7 7 5 7 7 7 5 7 7 7 7 7 7 7 5 7 7 7 7 7 7 7 7 7 7 7 7 
7 7 7 7 0 3 5 7 7 7 7 7 5 7 7 7 7 8 9 8 5 7 8 7 7 7 8 7 7 7 7 7 
7 5 7 7 3 0 7 5 7 7 7 7 7 5 8 7 7 7 7 7 7 5 7 7 7 7 7 7 7 7 7 7 
7 7 5 7 5 7 0 5 7 7 7 7 9 7 5 7 7 7 7 7 7 7 5 7 7 7 7 7 7 7 7 7 
7 7 7 5 7 5 5 0 7 7 7 7 7 7 7 5 7 7 7 7 7 7 7 5 7 7 7 7 8 7 8 7 
7 7 7 7 7 7 7 7 0 5 5 7 5 7 7 7 8 7 7 7 7 7 11 7 5 8 7 7 8 7 8 8 
7 5 7 7 7 7 7 7 5 0 7 3 7 5 7 7 7 7 7 7 7 7 7 7 7 5 7 7 7 7 7 13 
7 7 5 7 7 7 7 7 5 7 0 3 7 13 11 7 9 11 7 7 7 7 7 7 7 9 5 8 7 9 8 8 
7 7 7 5 7 7 7 7 7 3 3 0 7 7 7 5 7 7 7 7 7 7 7 7 7 7 7 5 7 8 7 7 
7 7 7 7 5 7 9 7 5 7 7 7 0 5 5 5 8 7 7 7 7 7 7 7 7 7 7 7 5 7 7 7 
7 7 7 7 7 5 7 7 7 5 13 7 5 0 5 5 7 7 7 7 7 7 7 7 7 7 7 7 7 6 7 7 
7 7 7 7 7 8 5 7 7 7 11 7 5 5 0 5 7 7 7 7 7 7 7 7 7 7 7 7 7 8 5 7 
7 7 7 7 7 7 7 5 7 7 7 5 5 5 5 0 7 7 7 7 7 7 7 7 7 7 7 7 7 7 7 5 
7 7 7 7 7 7 7 7 8 7 9 7 8 7 7 7 0 3 3 5 3 7 7 7 5 7 7 7 7 7 7 7 
7 5 7 7 8 7 7 7 7 7 11 7 7 7 7 7 3 0 5 3 5 5 7 7 7 5 7 8 8 7 7 8 
7 7 5 7 9 7 7 7 7 7 7 7 7 7 7 7 3 5 0 3 5 7 5 7 7 7 5 7 7 7 7 7 
7 7 7 5 8 7 7 7 7 7 7 7 7 7 7 7 5 3 3 0 5 7 7 5 7 7 7 5 7 7 7 7 
8 11 7 7 5 7 7 7 7 7 7 7 7 7 7 7 3 5 5 5 0 5 5 7 7 7 7 7 5 7 7 7 
7 8 7 7 7 5 7 7 7 7 7 7 7 7 7 7 7 5 7 7 5 0 5 3 6 6 8 8 7 5 7 7 
7 7 7 7 8 7 5 7 11 7 7 7 7 7 7 7 7 7 5 7 5 5 0 3 5 5 7 7 7 7 5 7 
7 7 7 7 7 7 7 5 7 7 7 7 7 7 7 7 7 7 7 5 7 3 3 0 5 5 7 8 7 7 7 5 
7 7 7 7 7 7 7 7 5 7 7 7 7 7 7 7 5 7 7 7 7 6 5 5 0 3 5 7 5 8 7 7 
7 7 7 7 7 7 7 7 8 5 9 7 7 7 7 7 7 5 7 7 7 6 5 5 3 0 7 5 7 5 7 7 
8 7 7 7 8 7 7 7 7 7 5 7 7 7 7 7 7 7 5 7 7 8 7 7 5 7 0 3 7 7 5 7 
7 7 7 7 7 7 7 7 7 7 8 5 7 7 7 7 7 8 7 5 7 8 7 8 7 5 3 0 7 7 7 5 
8 7 7 7 7 7 7 8 8 7 7 7 5 7 7 7 7 8 7 7 5 7 7 7 5 7 7 7 0 3 3 5 
7 7 7 7 7 7 7 7 7 7 9 8 7 6 8 7 7 7 7 7 7 5 7 7 8 5 7 7 3 0 5 3 
7 7 7 7 7 7 7 8 8 7 8 7 7 7 5 7 7 7 7 7 7 7 5 7 7 7 5 7 3 5 0 3 
7 7 7 7 7 7 7 7 8 13 8 7 7 7 7 5 7 8 7 7 7 7 7 5 7 7 7 5 5 3 3 0 
