0 5 5 5 7 7 7 7 8 8 7 8 7 7 7 7 7 7 8 7 7 8 7 8 7 7 
5 0 5 3 7 5 7 7 7 5 7 7 7 7 7 7 7 5 8 8 7 8 7 8 7 7 
5 5 0 3 7 7 7 7 7 7 7 7 8 7 7 7 7 7 8 8 7 8 7 7 7 7 
5 3 3 0 7 7 7 5 7 7 7 5 7 7 7 7 7 7 7 8 7 8 7 7 7 7 
7 7 7 7 0 3 7 7 7 7 7 7 7 7 7 7 7 7 7 8 7 8 7 7 7 7 
7 5 7 7 3 0 8 5 7 7 7 7 7 5 7 7 7 7 8 8 7 8 7 7 7 8 
7 7 7 7 7 8 0 5 5 7 7 7 7 7 7 7 7 7 8 7 7 7 7 7 7 7 
7 7 7 5 7 5 5 0 7 7 7 7 7 7 7 5 7 8 8 7 7 7 7 7 7 7 
8 7 7 7 7 7 5 7 0 5 7 7 7 7 8 8 7 7 8 7 7 7 7 7 7 7 
8 5 7 7 7 7 7 7 5 0 5 3 7 5 7 7 7 7 8 8 7 7 7 7 7 7 
7 7 7 7 7 7 7 7 7 5 0 3 7 7 7 7 7 7 8 8 7 7 7 7 7 7 
8 7 7 5 7 7 7 7 7 3 3 0 7 8 7 5 7 8 9 7 7 7 7 7 7 7 
7 7 8 7 7 7 7 7 7 7 7 7 0 5 7 5 7 7 8 7 7 7 7 7 7 7 
7 7 7 7 7 5 7 7 7 5 7 8 5 0 5 5 7 7 8 7 7 7 7 7 7 7 
7 7 7 7 7 7 7 7 8 7 7 7 7 5 0 5 7 7 8 7 7 7 7 7 7 7 
7 7 7 7 7 7 7 5 8 7 7 5 5 5 5 0 7 7 7 7 7 7 7 7 7 7 
7 7 7 7 7 7 7 7 7 7 7 7 7 7 7 7 0 3 6 5 5 7 7 7 7 7 
7 5 7 7 7 7 7 8 7 7 7 8 7 7 7 7 3 0 6 5 5 7 7 7 7 7 
8 8 8 7 7 8 8 8 8 8 8 9 8 8 8 7 6 6 0 8 6 8 8 8 8 8 
7 8 8 8 8 8 7 7 7 8 8 7 7 7 7 7 5 5 8 0 5 7 7 7 7 7 
7 7 7 7 7 7 7 7 7 7 7 7 7 7 7 7 5 5 6 5 0 7 7 7 7 8 
8 8 8 8 8 8 7 7 7 7 7 7 7 7 7 7 7 7 8 7 7 0 5 6 5 5 
7 7 7 7 7 7 7 7 7 7 7 7 7 7 7 7 7 7 8 7 7 5 0 6 5 5 
8 8 7 7 7 7 7 7 7 7 7 7 7 7 7 7 7 7 8 7 7 6 6 0 6 6 
7 7 7 7 7 7 7 7 7 7 7 7 7 7 7 7 7 7 8 7 7 5 5 6 0 6 
7 7 7 7 7 8 7 7 7 7 7 7 7 7 7 7 7 7 8 7 8 5 5 6 6 0 
