0 14 11 11 11 11 11 11 11 11 13 17 15 16 
14 0 11 11 12 11 11 12 11 12 13 13 15 14 
11 11 0 9 12 11 12 12 11 12 13 13 15 14 
11 11 9 0 12 11 12 12 11 12 13 13 15 14 
11 12 12 12 0 12 12 12 12 12 13 14 15 14 
11 11 11 11 12 0 12 12 12 12 13 13 15 16 
11 11 12 12 12 12 0 10 12 12 13 13 15 14 
11 12 12 12 12 12 10 0 12 12 13 14 15 14 
11 11 11 11 12 12 12 12 0 12 13 13 14 14 
11 12 12 12 12 12 12 12 12 0 14 14 15 15 
13 13 13 13 13 13 13 13 13 14 0 11 12 12 
17 13 13 13 14 13 13 14 13 14 11 0 13 12 
15 15 15 15 15 15 15 15 14 15 12 13 0 13 
16 14 14 14 14 16 14 14 14 15 12 12 13 0 
