0 12 11 13 13 13 13 11 11 11 13 13 13 13 13 16 14 14 15 17 15 17 
12 0 8 8 12 8 12 12 12 12 14 14 14 14 14 15 15 15 15 12 12 11 
11 8 0 5 8 12 8 12 12 12 13 14 14 14 14 15 14 14 15 15 12 12 
13 8 5 0 8 8 12 12 12 12 13 14 14 13 14 15 14 14 15 12 12 12 
13 12 8 8 0 8 8 12 12 12 13 14 14 13 14 16 16 16 16 17 13 13 
13 8 12 8 8 0 8 12 12 12 14 14 14 14 14 15 14 15 15 12 12 12 
13 12 8 12 8 8 0 10 12 12 13 13 14 13 13 15 14 14 15 12 12 12 
11 12 12 12 12 12 10 0 12 12 13 14 14 14 14 15 15 15 16 16 16 16 
11 12 12 12 12 12 12 12 0 12 13 13 14 13 14 15 15 15 16 15 15 15 
11 12 12 12 12 12 12 12 12 0 14 14 15 14 15 15 15 15 16 16 16 16 
13 14 13 13 13 14 13 13 13 14 0 12 12 12 12 15 14 14 15 15 15 15 
13 14 14 14 14 14 13 14 13 14 12 0 12 12 12 15 14 14 15 15 15 15 
13 14 14 14 14 14 14 14 14 15 12 12 0 12 12 15 15 15 15 16 16 16 
13 14 14 13 13 14 13 14 13 14 12 12 12 0 12 15 15 15 15 16 16 16 
13 14 14 14 14 14 13 14 14 15 12 12 12 12 0 15 15 15 15 15 15 15 
16 15 15 15 16 15 15 15 15 15 15 15 15 15 15 0 12 12 12 12 12 12 
14 15 14 14 16 14 14 15 15 15 14 14 15 15 15 12 0 10 10 11 10 12 
14 15 14 14 16 15 14 15 15 15 14 14 15 15 15 12 10 0 9 9 10 12 
15 15 15 15 16 15 15 16 16 16 15 15 15 15 15 12 10 9 0 10 11 13 
17 12 15 12 17 12 12 16 15 16 15 15 16 16 15 12 11 9 10 0 11 13 
15 12 12 12 13 12 12 16 15 16 15 15 16 16 15 12 10 10 11 11 0 13 
17 11 12 12 13 12 12 16 15 16 15 15 16 16 15 12 12 12 13 13 13 0 
