0 6 5 5 7 7 7 7 7 7 7 7 7 7 7 7 
6 0 5 3 7 5 7 7 7 5 7 7 7 8 7 7 
5 5 0 3 7 7 5 7 7 7 5 7 7 7 7 8 
5 3 3 0 7 7 7 5 7 7 7 5 7 7 7 7 
7 7 7 7 0 3 5 7 7 7 7 7 5 7 7 7 
7 5 7 7 3 0 7 5 7 7 7 7 7 5 7 7 
7 7 5 7 5 7 0 5 5 7 7 7 7 7 5 7 
7 7 7 5 7 5 5 0 7 7 7 7 7 7 7 5 
7 7 7 7 7 7 5 7 0 5 5 7 5 7 7 7 
7 5 7 7 7 7 7 7 5 0 5 3 7 5 7 7 
7 7 5 7 7 7 7 7 5 5 0 3 7 7 5 7 
7 7 7 5 7 7 7 7 7 3 3 0 7 7 7 5 
7 7 7 7 5 7 7 7 5 7 7 7 0 5 5 5 
7 8 7 7 7 5 7 7 7 5 7 7 5 0 5 5 
7 7 7 7 7 7 5 7 7 7 5 7 5 5 0 5 
7 7 8 7 7 7 7 5 7 7 7 5 5 5 5 0 
